Time,sp_0,sp_1,sp_2,sp4,sp5,sp6,sp7,sp8,sp9
0,6500,5000,5000,0,0,0,0,0,0
7.044297524965372,6500,4763,4763,0,0,0,26,26,211
14.040219280656787,6498,4559,4559,0,2,2,92,90,349
21.088301215287373,6490,4379,4378,1,10,9,199,189,423
28.071836802575785,6483,4243,4241,2,17,15,332,315,427
35.14125161389827,6479,4103,4100,3,21,18,463,442,437
42.167090262269106,6450,3964,3960,4,50,46,584,534,456
49.13866488078625,6432,3839,3833,6,68,62,708,640,459
56.10819603151207,6415,3704,3697,7,85,78,832,747,471
63.18463726691557,6398,3605,3597,8,102,94,960,858,443
70.21023215075843,6363,3507,3496,11,137,126,1078,941,426
77.23266126761115,6328,3404,3392,12,172,160,1200,1028,408
84.24865539091331,6286,3302,3283,19,214,195,1314,1100,403
91.26855813693312,6244,3216,3194,22,256,234,1403,1147,403
98.32367361416807,6202,3137,3110,27,298,271,1502,1204,388
105.32252951754526,6161,3072,3033,39,339,300,1582,1243,385
112.35658942553272,6120,3002,2953,49,380,331,1666,1286,381
119.31998645294964,6079,2945,2890,55,421,366,1743,1322,367
126.5320525817314,6039,2890,2822,68,461,393,1827,1366,351
133.51114248697914,5990,2834,2760,74,510,436,1918,1408,322
140.47493038145979,5935,2772,2687,85,565,480,1989,1424,324
147.54954128867533,5884,2721,2630,91,616,525,2061,1445,309
154.53515066003152,5824,2668,2569,99,676,577,2134,1458,297
161.5603591801036,5770,2623,2508,115,730,615,2191,1461,301
168.56890967585943,5731,2587,2454,133,769,636,2252,1483,294
175.57894167877424,5667,2561,2410,151,833,682,2335,1502,255
182.56713802953905,5621,2530,2355,175,879,704,2395,1516,250
189.67993031885626,5572,2517,2316,201,928,727,2452,1524,232
196.69598443517506,5534,2482,2262,220,966,746,2491,1525,247
203.72116876558522,5497,2451,2219,232,1003,771,2525,1522,256
210.73887523634437,5442,2421,2178,243,1058,815,2592,1534,230
217.76947824841878,5388,2398,2136,262,1112,850,2638,1526,226
224.81453802873307,5333,2367,2095,272,1167,895,2682,1515,223
232.00977407023726,5291,2346,2051,295,1209,914,2730,1521,219
238.95706025110994,5248,2326,2013,313,1252,939,2770,1518,217
246.03540685985956,5205,2299,1972,327,1295,968,2802,1507,226
253.0882391166402,5149,2289,1934,355,1351,996,2850,1499,216
260.0736588065547,5109,2265,1896,369,1391,1022,2878,1487,226
267.08588479870474,5060,2258,1864,394,1440,1046,2925,1485,211
274.08880622031063,5014,2262,1828,434,1486,1052,2965,1479,207
281.109487831695,4980,2244,1794,450,1520,1070,2978,1458,228
288.11189262889553,4938,2233,1771,462,1562,1100,3022,1460,207
295.1365884898103,4901,2225,1741,484,1599,1115,3061,1462,198
302.1837593480214,4859,2230,1715,515,1641,1126,3090,1449,195
309.20155370464914,4816,2224,1684,540,1684,1144,3117,1433,199
316.1652979547881,4776,2225,1661,564,1724,1160,3131,1407,208
323.27172152446326,4734,2225,1639,586,1766,1180,3153,1387,208
330.27934790527746,4683,2212,1613,599,1817,1218,3190,1373,197
337.3082502442235,4650,2208,1591,617,1850,1233,3226,1376,183
344.29947078122984,4614,2204,1559,645,1886,1241,3253,1367,188
351.37349344621424,4576,2198,1532,666,1924,1258,3278,1354,190
358.36136354661977,4542,2207,1515,692,1958,1266,3301,1343,184
365.3936615920797,4501,2208,1489,719,1999,1280,3327,1328,184
372.41184224822234,4464,2200,1454,746,2036,1290,3355,1319,191
379.45793214469114,4433,2196,1432,764,2067,1303,3381,1314,187
386.4378607937366,4397,2202,1413,789,2103,1314,3415,1312,172
393.50620139190926,4358,2193,1389,804,2142,1338,3434,1292,177
400.5059220664413,4319,2199,1375,824,2181,1357,3460,1279,165
407.5270590706398,4293,2188,1350,838,2207,1369,3480,1273,170
414.49546180821176,4258,2177,1320,857,2242,1385,3500,1258,180
421.54391347384484,4235,2181,1300,881,2265,1384,3521,1256,179
428.5868012708777,4196,2179,1283,896,2304,1408,3550,1246,167
435.6178579368309,4158,2175,1263,912,2342,1430,3574,1232,163
442.6291590969705,4129,2172,1236,936,2371,1435,3594,1223,170
449.69584959499605,4107,2171,1218,953,2393,1440,3616,1223,166
456.76249049127904,4077,2157,1194,963,2423,1460,3617,1194,189
463.7685147528044,4047,2151,1180,971,2453,1482,3650,1197,170
470.751365147913,4017,2156,1165,991,2483,1492,3666,1183,169
477.8164269299147,3986,2153,1147,1006,2514,1508,3685,1171,168
484.82845899079683,3962,2157,1128,1029,2538,1509,3714,1176,158
491.8542063295921,3942,2154,1117,1037,2558,1521,3727,1169,156
498.88767515350133,3919,2173,1103,1070,2581,1511,3756,1175,141
505.89121692822624,3890,2187,1089,1098,2610,1512,3777,1167,134
512.9063104753774,3856,2181,1073,1108,2644,1536,3790,1146,137
519.9513487854658,3831,2176,1051,1125,2669,1544,3806,1137,143
526.9978317915709,3805,2169,1026,1143,2695,1552,3821,1126,153
534.1496117691812,3780,2167,1009,1158,2720,1562,3842,1122,149
541.2457248836449,3754,2178,1001,1177,2746,1569,3867,1121,132
548.1848244378743,3729,2181,982,1199,2771,1572,3891,1120,127
555.2943266877163,3710,2169,969,1200,2790,1590,3907,1117,124
562.3568448600789,3689,2173,952,1221,2811,1590,3916,1105,132
569.3655917855025,3672,2194,937,1257,2828,1571,3938,1110,125
576.2527110849932,3642,2193,927,1266,2858,1592,3952,1094,121
583.3674999612953,3621,2195,916,1279,2879,1600,3964,1085,120
590.4059833163311,3592,2189,906,1283,2908,1625,3968,1060,126
597.4438518244974,3568,2182,887,1295,2932,1637,3983,1051,130
604.416730320122,3553,2196,871,1325,2947,1622,3994,1047,135
611.5047477517813,3530,2214,855,1359,2970,1611,4007,1037,138
618.5236674924198,3512,2221,839,1382,2988,1606,4031,1043,130
625.5373070658533,3491,2225,830,1395,3009,1614,4035,1026,135
632.4795184962961,3471,2233,809,1424,3029,1605,4050,1021,141
639.5076148099769,3452,2227,791,1436,3048,1612,4061,1013,148
646.6373999717646,3433,2242,780,1462,3067,1605,4078,1011,142
653.6059079937297,3413,2248,766,1482,3087,1605,4094,1007,140
660.7632694331352,3387,2248,749,1499,3113,1614,4113,1000,138
667.678076271851,3366,2273,744,1529,3134,1605,4134,1000,122
674.7658268219666,3350,2274,729,1545,3150,1605,4139,989,132
681.7799708758237,3336,2273,719,1554,3164,1610,4142,978,139
688.8379586555151,3312,2297,713,1584,3188,1604,4151,963,136
695.8802564259275,3293,2309,706,1603,3207,1604,4158,951,136
702.8817905333616,3278,2314,695,1619,3222,1603,4171,949,134
709.9432858273227,3259,2325,683,1642,3241,1599,4195,954,122
716.9488535457596,3233,2326,674,1652,3267,1615,4215,948,111
723.8453555432463,3216,2318,672,1646,3284,1638,4215,931,113
730.9446947117121,3196,2320,661,1659,3304,1645,4221,917,118
738.0298363707922,3182,2321,649,1672,3318,1646,4221,903,130
745.0397432911651,3164,2334,639,1695,3336,1641,4233,897,128
752.0160905692363,3145,2327,635,1692,3355,1663,4246,891,119
759.1172223065063,3124,2318,626,1692,3376,1684,4259,883,115
766.1178194205601,3110,2312,608,1704,3390,1686,4284,894,108
773.1603511147875,3091,2284,593,1691,3409,1718,4285,876,122
780.164674022958,3078,2293,584,1709,3422,1713,4296,874,120
787.1775550333388,3059,2323,578,1745,3441,1696,4286,845,136
794.2086593111488,3049,2324,568,1756,3451,1695,4311,860,121
801.0814635169005,3030,2333,560,1773,3470,1697,4334,864,106
808.2324925881421,3015,2332,547,1785,3485,1700,4336,851,117
815.3214711500843,3003,2336,537,1799,3497,1698,4350,853,113
822.2334255128662,2987,2343,532,1811,3513,1702,4353,840,115
829.293345384158,2970,2339,521,1818,3530,1712,4369,839,110
836.3428072482824,2960,2334,512,1822,3540,1718,4383,843,105
843.3960266108114,2947,2329,503,1826,3553,1727,4383,830,114
850.4316323307766,2929,2328,495,1833,3571,1738,4387,816,118
857.5057855940794,2921,2326,483,1843,3579,1736,4399,820,118
864.4794680008956,2912,2327,474,1853,3588,1735,4411,823,115
871.5220596598867,2902,2347,470,1877,3598,1721,4425,827,105
878.5106422685011,2885,2346,466,1880,3615,1735,4443,828,91
885.6133915008239,2868,2346,457,1889,3632,1743,4452,820,91
892.6408104748666,2855,2339,449,1890,3645,1755,4457,812,94
899.6963545837272,2841,2335,436,1899,3659,1760,4455,796,109
906.7017029547296,2823,2317,436,1881,3677,1796,4467,790,97
913.7102659057554,2810,2293,427,1866,3690,1824,4460,770,113
920.6813775535439,2795,2299,422,1877,3705,1828,4476,771,102
927.7041904800473,2777,2304,416,1888,3723,1835,4479,756,105
934.6811523429417,2767,2313,413,1900,3733,1833,4477,744,110
941.8248426184583,2758,2317,405,1912,3742,1830,4479,737,116
948.888225268282,2744,2325,398,1927,3756,1829,4490,734,112
955.9002691516137,2734,2315,389,1926,3766,1840,4501,735,110
962.9905252869156,2718,2311,388,1923,3782,1859,4510,728,102
970.0162122511261,2706,2318,378,1940,3794,1854,4521,727,101
976.9901431268626,2689,2314,373,1941,3811,1870,4537,726,90
984.1339605105036,2678,2319,368,1951,3822,1871,4550,728,82
991.1719812734863,2667,2304,353,1951,3833,1882,4548,715,99
998.117665142429,2659,2318,347,1971,3841,1870,4556,715,97
1005.2347238924926,2647,2315,344,1971,3853,1882,4564,711,92
1012.2958521001689,2638,2328,344,1984,3862,1878,4577,715,79
1019.3007950466935,2628,2333,338,1995,3872,1877,4577,705,85
1026.2732499913006,2621,2352,335,2017,3879,1862,4576,697,89
1033.3668796667387,2609,2367,334,2033,3891,1858,4582,691,84
1040.396216964958,2599,2366,328,2038,3901,1863,4580,679,92
1047.3740169197424,2593,2386,323,2063,3907,1844,4588,681,89
1054.4526339273846,2587,2389,320,2069,3913,1844,4593,680,87
1061.4065388304948,2580,2395,317,2078,3920,1842,4596,676,87
1068.5593111028377,2570,2406,317,2089,3930,1841,4598,668,85
1075.5667751599883,2564,2410,313,2097,3936,1839,4603,667,84
1082.637946197077,2552,2404,312,2092,3948,1856,4609,661,79
1089.5846630846595,2539,2404,306,2098,3961,1863,4612,651,82
1096.6821908364896,2531,2401,298,2103,3969,1866,4626,657,76
1103.6933016312573,2524,2398,293,2105,3976,1871,4628,652,79
1110.7105366252777,2512,2394,290,2104,3988,1884,4624,636,86
1117.7837952297189,2498,2402,285,2117,4002,1885,4636,634,79
1124.7896662820697,2486,2388,282,2106,4014,1908,4644,630,74
1131.8033617695742,2480,2413,274,2139,4020,1881,4644,624,82
1138.8216967632382,2471,2408,272,2136,4029,1893,4661,632,67
1145.8428337021633,2460,2408,273,2135,4040,1905,4655,615,72
1152.8931140556595,2444,2419,271,2148,4056,1908,4660,604,69
1159.9380612728432,2437,2426,271,2155,4063,1908,4658,595,71
1166.9485729474109,2428,2429,266,2163,4072,1909,4655,583,79
1173.9572777735364,2424,2439,257,2182,4076,1894,4664,588,79
1180.745616413522,2420,2441,257,2184,4080,1896,4664,584,79
1187.982947794186,2407,2447,254,2193,4093,1900,4678,585,68
1194.9186704205983,2401,2433,250,2183,4099,1916,4674,575,76
1202.0269894725197,2395,2447,248,2199,4105,1906,4671,566,81
1209.0696373628684,2389,2457,247,2210,4111,1901,4686,575,67
1216.0709728060642,2377,2467,242,2225,4123,1898,4691,568,67
1223.1428762968626,2371,2479,238,2241,4129,1888,4694,565,68
1230.1434173151065,2361,2481,230,2251,4139,1888,4700,561,70
1237.156369784564,2353,2470,223,2247,4147,1900,4699,552,78
1244.1791123362375,2343,2456,220,2236,4157,1921,4700,543,80
1251.0764846615339,2338,2458,219,2239,4162,1923,4708,546,73
1258.2939834615293,2329,2466,214,2252,4171,1919,4709,538,77
1265.3206423559002,2320,2467,207,2260,4180,1920,4728,548,65
1272.2269043371477,2315,2468,204,2264,4185,1921,4734,549,62
1279.2910565621735,2309,2473,200,2273,4191,1918,4736,545,64
1286.2473332757895,2302,2483,199,2284,4198,1914,4735,537,66
1293.3959854575137,2295,2495,197,2298,4205,1907,4739,534,64
1300.417725724294,2289,2500,195,2305,4211,1906,4744,533,61
1307.4256219310007,2281,2476,194,2282,4219,1937,4743,524,63
1314.4821073626974,2278,2463,192,2271,4222,1951,4736,514,72
1321.574270618278,2268,2466,186,2280,4232,1952,4753,521,61
1328.596096950996,2263,2454,182,2272,4237,1965,4754,517,64
1335.6345672689345,2258,2452,179,2273,4242,1969,4746,504,75
1342.6276088287937,2255,2460,178,2282,4245,1963,4760,515,62
1349.6249553549653,2246,2442,172,2270,4254,1984,4767,513,61
1356.6421696027594,2239,2448,169,2279,4261,1982,4760,499,71
1363.7635520438764,2235,2447,170,2277,4265,1988,4766,501,64
1370.7622441582334,2228,2451,166,2285,4272,1987,4766,494,68
1377.7283614569158,2221,2460,163,2297,4279,1982,4766,487,71
1384.9456035862236,2210,2460,162,2298,4290,1992,4769,479,69
1391.8416738754197,2205,2459,159,2300,4295,1995,4778,483,63
1398.9600108656452,2199,2467,156,2311,4301,1990,4791,490,53
1406.1012123741575,2192,2464,156,2308,4308,2000,4794,486,50
1413.2740614216198,2186,2468,156,2312,4314,2002,4793,479,51
1420.335928352282,2176,2481,153,2328,4324,1996,4794,470,53
1427.3484055251743,2170,2495,151,2344,4330,1986,4797,467,52
1434.4808563553627,2165,2499,149,2350,4335,1985,4803,468,48
1441.2463359551969,2158,2498,149,2349,4342,1993,4802,460,49
1448.5083300420276,2151,2497,148,2349,4349,2000,4803,454,49
1455.7483169431591,2147,2498,148,2350,4353,2003,4794,441,58
1462.7463099757197,2138,2471,154,2317,4362,2045,4796,434,50
1469.8650860926928,2131,2471,154,2317,4369,2052,4800,431,46
1476.9594484610438,2127,2464,148,2316,4373,2057,4801,428,51
1483.9775086559016,2117,2458,146,2312,4383,2071,4798,415,56
1491.0258163769297,2111,2461,144,2317,4389,2072,4804,415,52
1498.015577256366,2108,2455,143,2312,4392,2080,4808,416,49
1505.0225267815254,2100,2429,143,2286,4400,2114,4808,408,49
1512.0682501915292,2095,2447,136,2311,4405,2094,4814,409,50
1519.0758459023757,2088,2452,131,2321,4412,2091,4825,413,44
1526.019512516143,2082,2468,129,2339,4418,2079,4823,405,48
1533.0187827538448,2076,2486,129,2357,4424,2067,4832,408,39
1540.0808407618374,2070,2485,127,2358,4430,2072,4844,414,29
1546.9375217025129,2062,2491,126,2365,4438,2073,4837,399,37
1554.1446463812586,2055,2498,124,2374,4445,2071,4839,394,37
1561.1582675256032,2051,2478,122,2356,4449,2093,4841,392,37
1568.1966957401692,2050,2499,122,2377,4450,2073,4842,392,36
1575.2274333031373,2043,2526,121,2405,4457,2052,4842,385,37
1582.3021871890114,2039,2543,122,2421,4461,2040,4836,375,42
1589.4380674552108,2035,2545,125,2420,4465,2045,4838,373,37
1596.3751033303326,2031,2550,123,2427,4469,2042,4836,367,41
1603.5001775628887,2025,2544,120,2424,4475,2051,4833,358,47
1610.5055700455002,2021,2525,121,2404,4479,2075,4838,359,41
1617.534887624682,2020,2519,119,2400,4480,2080,4839,359,42
1624.5406673631164,2017,2525,117,2408,4483,2075,4840,357,43
1631.619731449493,2015,2508,116,2392,4485,2093,4842,357,42
1638.7048880460675,2010,2495,111,2384,4490,2106,4850,360,39
1645.7086302343523,2003,2503,111,2392,4497,2105,4850,353,39
1652.7823201805952,1999,2514,110,2404,4501,2097,4849,348,41
1659.8774376278066,1998,2543,109,2434,4502,2068,4846,344,45
1666.9105539931613,1992,2566,107,2459,4508,2049,4845,337,48
1673.9935280261504,1991,2559,104,2455,4509,2054,4846,337,50
1681.0872467629736,1989,2562,100,2462,4511,2049,4845,334,55
1688.0367807619027,1984,2577,101,2476,4516,2040,4848,332,51
1695.1940202861533,1981,2559,101,2458,4519,2061,4856,337,43
1702.0884718454047,1978,2548,99,2449,4522,2073,4859,337,42
1709.2816346587956,1972,2562,97,2465,4528,2063,4858,330,45
1716.3216259018093,1969,2539,96,2443,4531,2088,4861,330,43
1723.3897782936924,1960,2533,96,2437,4540,2103,4865,325,39
1730.4313957248326,1958,2539,94,2445,4542,2097,4868,326,38
1737.464403675129,1949,2549,90,2459,4551,2092,4876,325,34
1744.4913593015528,1944,2544,89,2455,4556,2101,4877,321,34
1751.5240778087466,1942,2548,86,2462,4558,2096,4874,316,40
1758.486435430223,1938,2567,86,2481,4562,2081,4877,315,37
1765.5289247901705,1930,2559,84,2475,4570,2095,4881,311,35
1772.722309932645,1930,2550,83,2467,4570,2103,4881,311,36
1779.7485288655773,1926,2544,83,2461,4574,2113,4881,307,36
1786.7588745707415,1922,2545,83,2462,4578,2116,4882,304,35
1793.7940406049997,1916,2552,82,2470,4584,2114,4885,301,33
1800.8158585283932,1912,2553,81,2472,4588,2116,4891,303,28
1807.8400281347124,1911,2555,79,2476,4589,2113,4891,302,30
1814.8724610739657,1908,2565,77,2488,4592,2104,4890,298,33
1822.0233876801249,1906,2570,75,2495,4594,2099,4890,296,35
1828.8661478334413,1904,2567,76,2491,4596,2105,4895,299,29
1836.0714926454505,1903,2564,75,2489,4597,2108,4896,299,29
1843.1021269784646,1900,2561,74,2487,4600,2113,4900,300,26
1850.1175616468943,1899,2559,71,2488,4601,2113,4896,295,33
1857.2110755823294,1893,2573,70,2503,4607,2104,4893,286,37
1864.2272647971745,1890,2571,73,2498,4610,2112,4897,287,30
1871.099280620459,1887,2547,72,2475,4613,2138,4901,288,27
1878.388740056005,1882,2542,72,2470,4618,2148,4901,283,27
1885.4459190784214,1881,2543,65,2478,4619,2141,4901,282,34
1892.5711442990557,1878,2543,65,2478,4622,2144,4905,283,30
1899.6095135441499,1875,2562,64,2498,4625,2127,4908,283,28
1906.6960139908733,1870,2567,65,2502,4630,2128,4905,275,30
1913.820534710594,1869,2595,63,2532,4631,2099,4907,276,30
1920.8586909240123,1868,2605,59,2546,4632,2086,4906,274,35
1927.906910382586,1865,2600,58,2542,4635,2093,4906,271,36
1934.9113804106921,1861,2593,58,2535,4639,2104,4909,270,33
1941.9461480510186,1858,2615,57,2558,4642,2084,4907,265,36
1949.0147144463344,1855,2613,55,2558,4645,2087,4906,261,39
1956.0148692910611,1851,2596,54,2542,4649,2107,4912,263,34
1963.0170214879533,1850,2607,53,2554,4650,2096,4913,263,34
1970.1428639320002,1846,2611,53,2558,4654,2096,4912,258,35
1977.0264670289703,1843,2624,57,2567,4657,2090,4913,256,30
1984.2737933636597,1842,2634,59,2575,4658,2083,4913,255,28
1991.3317969145783,1837,2641,57,2584,4663,2079,4915,252,28
1998.3906067718056,1833,2641,57,2584,4667,2083,4917,250,26
2005.509723357672,1832,2652,57,2595,4668,2073,4915,247,28
2012.4930567076533,1831,2654,53,2601,4669,2068,4917,248,30
2019.5269353683234,1831,2651,52,2599,4669,2070,4921,252,27
2026.6359866748269,1829,2619,51,2568,4671,2103,4926,255,23
2033.5705002278169,1826,2626,50,2576,4674,2098,4921,247,29
2040.6723666732757,1825,2632,51,2581,4675,2094,4922,247,27
2047.679005983587,1822,2635,52,2583,4678,2095,4921,243,27
2054.7097022757384,1821,2638,51,2587,4679,2092,4920,241,29
2061.701268793986,1818,2624,48,2576,4682,2106,4924,242,28
2068.738685590717,1814,2600,45,2555,4686,2131,4928,242,27
2075.710133617838,1810,2588,45,2543,4690,2147,4932,242,23
2082.753782646304,1808,2600,44,2556,4692,2136,4937,245,19
2089.840259413568,1807,2596,44,2552,4693,2141,4938,245,18
2097.1359021350095,1803,2605,42,2563,4697,2134,4934,237,24
2104.079659607243,1799,2609,39,2570,4701,2131,4928,227,33
2111.2100367478433,1794,2585,38,2547,4706,2159,4928,222,34
2118.0462936515582,1789,2572,37,2535,4711,2176,4934,223,29
2125.208763393394,1787,2563,37,2526,4713,2187,4936,223,27
2132.2634247925025,1786,2544,37,2507,4714,2207,4933,219,30
2139.3263712008757,1781,2534,37,2497,4719,2222,4944,225,19
2146.3364289105634,1777,2542,37,2505,4723,2218,4939,216,24
2153.2644398378143,1777,2545,37,2508,4723,2215,4940,217,23
2160.334177802673,1774,2557,37,2520,4726,2206,4935,209,28
2167.3647393551287,1771,2565,37,2528,4729,2201,4940,211,23
2174.42953501419,1767,2584,37,2547,4733,2186,4941,208,22
2181.384213351453,1766,2590,37,2553,4734,2181,4941,207,22
2188.5004563812477,1764,2592,36,2556,4736,2180,4942,206,22
2195.679378446629,1762,2600,36,2564,4738,2174,4942,204,22
2202.652108070306,1760,2599,37,2562,4740,2178,4939,199,24
2209.8321781661984,1759,2571,35,2536,4741,2205,4944,203,21
2216.894485068255,1757,2570,35,2535,4743,2208,4947,204,18
2223.986950294376,1756,2574,36,2538,4744,2206,4946,202,18
2231.0375347080053,1754,2570,38,2532,4746,2214,4942,196,20
2237.894329998324,1752,2561,38,2523,4748,2225,4943,195,19
2244.9773003029363,1750,2570,38,2532,4750,2218,4944,194,18
2252.307388105885,1750,2587,39,2548,4750,2202,4943,193,18
2259.3333128741538,1749,2587,36,2551,4751,2200,4942,191,22
2266.471133336746,1747,2591,36,2555,4753,2198,4943,190,21
2273.568944883757,1744,2580,35,2545,4756,2211,4942,186,23
2280.567158817975,1743,2593,35,2558,4757,2199,4939,182,26
2287.5378192770913,1740,2583,34,2549,4760,2211,4945,185,21
2294.626024471979,1735,2577,35,2542,4765,2223,4944,179,21
2301.658900664616,1735,2580,33,2547,4765,2218,4944,179,23
2308.672701550671,1735,2600,32,2568,4765,2197,4944,179,24
2315.761508573128,1733,2602,33,2569,4767,2198,4946,179,21
2322.7934934833947,1730,2610,34,2576,4770,2194,4950,180,16
2329.619634381433,1729,2602,33,2569,4771,2202,4948,177,19
2336.8116395586167,1728,2600,30,2570,4772,2202,4943,171,27
2343.8292010143746,1726,2608,31,2577,4774,2197,4944,170,25
2350.9902271344645,1724,2606,30,2576,4776,2200,4939,163,31
2358.0826566182245,1723,2605,32,2573,4777,2204,4948,171,20
2365.1090785023357,1721,2600,31,2569,4779,2210,4950,171,19
2372.056734085196,1719,2599,30,2569,4781,2212,4948,167,22
2379.122770753585,1713,2606,30,2576,4787,2211,4949,162,21
2386.2309499171065,1710,2606,27,2579,4790,2211,4947,157,26
2393.4202881714655,1708,2614,27,2587,4792,2205,4949,157,24
2400.5347919262285,1708,2616,29,2587,4792,2205,4947,155,24
2407.6081052863633,1708,2614,30,2584,4792,2208,4947,155,23
2414.4390552324135,1706,2600,29,2571,4794,2223,4949,155,22
2421.606775082545,1704,2605,27,2578,4796,2218,4945,149,28
2428.5748767737937,1704,2622,29,2593,4796,2203,4951,155,20
2435.700958161795,1704,2609,27,2582,4796,2214,4953,157,20
2442.7359094448543,1703,2596,27,2569,4797,2228,4958,161,15
2449.878032578316,1702,2621,27,2594,4798,2204,4959,161,14
2456.809641350813,1702,2622,27,2595,4798,2203,4952,154,21
2463.8981108375456,1697,2626,28,2598,4803,2205,4954,151,18
2470.984708486668,1696,2627,27,2600,4804,2204,4956,152,17
2478.073776832283,1694,2620,27,2593,4806,2213,4957,151,16
2485.1181773424228,1693,2644,28,2616,4807,2191,4955,148,17
2492.14493474666,1690,2621,26,2595,4810,2215,4958,148,16
2499.1085186655137,1689,2610,24,2586,4811,2225,4961,150,15
2506.31996125263,1689,2612,23,2589,4811,2222,4959,148,18
2513.303270694616,1688,2621,23,2598,4812,2214,4956,144,21
2520.399684984196,1685,2615,25,2590,4815,2225,4955,140,20
2527.2805060024334,1683,2614,27,2587,4817,2230,4953,136,20
2534.493320605445,1683,2607,27,2580,4817,2237,4951,134,22
2541.642630903563,1683,2604,28,2576,4817,2241,4953,136,19
2548.8651642135046,1682,2605,30,2575,4818,2243,4952,134,18
2555.8620241553986,1680,2623,31,2592,4820,2228,4955,135,14
2562.9647343207253,1676,2609,31,2578,4824,2246,4955,131,14
2569.9975677807333,1674,2610,30,2580,4826,2246,4957,131,13
2577.058288832659,1673,2639,29,2610,4827,2217,4960,133,11
2583.968697609892,1673,2634,28,2606,4827,2221,4955,128,17
2591.167328522919,1673,2615,28,2587,4827,2240,4956,129,16
2598.244602443871,1673,2622,29,2593,4827,2234,4956,129,15
2605.1738874387297,1670,2633,29,2604,4830,2226,4958,128,13
2612.388566335515,1669,2623,31,2592,4831,2239,4958,127,11
2619.3207167534933,1669,2637,29,2608,4831,2223,4958,127,13
2626.347650425699,1669,2638,29,2609,4831,2222,4954,123,17
2633.4122951986405,1669,2629,30,2599,4831,2232,4953,122,17
2640.5004590387844,1669,2636,29,2607,4831,2224,4953,122,18
2647.567932081642,1668,2656,29,2627,4832,2205,4953,121,18
2654.475346141811,1668,2638,29,2609,4832,2223,4955,123,16
2661.636366767535,1667,2626,26,2600,4833,2233,4960,127,14
2668.7058822299923,1666,2629,24,2605,4834,2229,4960,126,16
2675.6936893719962,1666,2629,24,2605,4834,2229,4959,125,17
2682.746201701621,1665,2632,24,2608,4835,2227,4963,128,13
2689.762644992985,1663,2641,24,2617,4837,2220,4964,127,12
2696.751192949553,1663,2635,24,2611,4837,2226,4967,130,9
2703.8719340217285,1662,2637,24,2613,4838,2225,4966,128,10
2710.8676157447444,1661,2636,22,2614,4839,2225,4965,126,13
2717.9374657064805,1660,2624,20,2604,4840,2236,4970,130,10
2725.0137664202525,1658,2607,19,2588,4842,2254,4970,128,11
2731.935248022457,1658,2613,18,2595,4842,2247,4965,123,17
2738.963934057545,1657,2621,18,2603,4843,2240,4969,126,13
2746.018288349093,1656,2625,19,2606,4844,2238,4972,128,9
2753.053671203715,1653,2628,20,2608,4847,2239,4970,123,10
2760.0796699467164,1652,2633,19,2614,4848,2234,4972,124,9
2767.1938489033105,1652,2636,18,2618,4848,2230,4972,124,10
2774.2568301279503,1652,2648,19,2629,4848,2219,4974,126,7
2781.338259450049,1652,2645,19,2626,4848,2222,4975,127,6
2788.407518367856,1652,2662,19,2643,4848,2205,4973,125,8
2795.3707630413833,1650,2651,19,2632,4850,2218,4974,124,7
2802.3505859887614,1648,2646,19,2627,4852,2225,4976,124,5
2809.648115107548,1646,2626,17,2609,4854,2245,4972,118,11
2816.4715000773776,1645,2622,15,2607,4855,2248,4976,121,9
2823.740681818655,1644,2629,14,2615,4856,2241,4976,120,10
2830.8359971788805,1642,2621,14,2607,4858,2251,4977,119,9
2837.8923252686745,1638,2615,16,2599,4862,2263,4976,114,8
2844.8574108953244,1638,2606,15,2591,4862,2271,4976,114,9
2851.8865916662958,1635,2608,15,2593,4865,2272,4975,110,10
2859.063063846974,1632,2605,14,2591,4868,2277,4974,106,12
2866.0698705480063,1632,2624,14,2610,4868,2258,4977,109,9
2872.9884084241517,1631,2625,16,2609,4869,2260,4974,105,10
2880.1223416663324,1631,2614,15,2599,4869,2270,4972,103,13
2887.173339627117,1629,2610,15,2595,4871,2276,4972,101,13
2894.0061883500466,1628,2601,15,2586,4872,2286,4973,101,12
2901.1844648439987,1628,2598,14,2584,4872,2288,4971,99,15
2908.2072732752445,1628,2591,13,2578,4872,2294,4973,101,14
2915.3516790961876,1628,2596,13,2583,4872,2289,4976,104,11
2922.3473396240215,1626,2588,14,2574,4874,2300,4978,104,8
2929.3384624011337,1622,2597,14,2583,4878,2295,4977,99,9
2936.383168192551,1621,2577,14,2563,4879,2316,4976,97,10
2943.3872250079507,1619,2581,14,2567,4881,2314,4975,94,11
2950.491523381612,1618,2581,14,2567,4882,2315,4975,93,11
2957.5866531012343,1616,2579,12,2567,4884,2317,4973,89,15
2964.6290747259786,1614,2589,12,2577,4886,2309,4975,89,13
2971.6553562430695,1613,2586,13,2573,4887,2314,4981,94,6
2978.6880502727267,1612,2594,13,2581,4888,2307,4983,95,4
2985.594180265482,1611,2602,13,2589,4889,2300,4982,93,5
2992.816519480325,1611,2610,13,2597,4889,2292,4981,92,6
2999.871983744754,1611,2618,13,2605,4889,2284,4978,89,9
3006.8375013350264,1609,2605,13,2592,4891,2299,4980,89,7
3013.8977606129943,1608,2603,13,2590,4892,2302,4983,91,4
3020.84517228054,1608,2607,13,2594,4892,2298,4983,91,4
3028.000293965256,1606,2624,12,2612,4894,2282,4982,88,6
3035.0290436269465,1605,2626,12,2614,4895,2281,4979,84,9
3042.107906341411,1605,2649,13,2636,4895,2259,4978,83,9
3048.9131224094244,1603,2663,13,2650,4897,2247,4980,83,7
3056.138970030835,1603,2667,13,2654,4897,2243,4983,86,4
3063.195819219879,1603,2661,13,2648,4897,2249,4980,83,7
3070.300121890583,1602,2668,14,2654,4898,2244,4979,81,7
3077.2994820106805,1602,2668,12,2656,4898,2242,4979,81,9
3084.2368694727174,1602,2677,12,2665,4898,2233,4981,83,7
3091.397689447825,1601,2684,13,2671,4899,2228,4980,81,7
3098.3948571186866,1601,2706,12,2694,4899,2205,4977,78,11
3105.5708472134334,1601,2705,12,2693,4899,2206,4975,76,13
3112.5697579112834,1601,2694,12,2682,4899,2217,4978,79,10
3119.570258615844,1601,2697,13,2684,4899,2215,4977,78,10
3126.521099396422,1598,2696,13,2683,4902,2219,4978,76,9
3133.657710186515,1597,2693,12,2681,4903,2222,4979,76,9
3140.6567932715407,1597,2687,13,2674,4903,2229,4979,76,8
3147.761574907121,1597,2709,13,2696,4903,2207,4981,78,6
3154.772738432772,1597,2714,13,2701,4903,2202,4980,77,7
3161.7457110720043,1596,2715,13,2702,4904,2202,4978,74,9
3168.8613003980445,1596,2704,13,2691,4904,2213,4976,72,11
3175.9019019812313,1596,2705,14,2691,4904,2213,4977,73,9
3182.9529092729513,1595,2705,14,2691,4905,2214,4979,74,7
3189.95587816992,1595,2691,14,2677,4905,2228,4976,71,10
3196.966905811831,1595,2682,14,2668,4905,2237,4975,70,11
3203.950524170315,1595,2670,14,2656,4905,2249,4973,68,13
3211.0293813286867,1595,2671,12,2659,4905,2246,4974,69,14
3217.9744853667826,1595,2670,12,2658,4905,2247,4974,69,14
3225.09270372649,1595,2671,12,2659,4905,2246,4977,72,11
3232.2413779929884,1594,2668,13,2655,4906,2251,4977,71,10
3239.3654621137493,1594,2658,13,2645,4906,2261,4975,69,12
3246.446306028294,1594,2633,13,2620,4906,2286,4978,72,9
3253.4662608032436,1593,2626,13,2613,4907,2294,4980,73,7
3260.4504731107245,1593,2606,12,2594,4907,2313,4981,74,7
3267.475966053947,1593,2602,12,2590,4907,2317,4978,71,10
3274.547153193483,1593,2616,12,2604,4907,2303,4981,74,7
3281.522186638768,1591,2626,12,2614,4909,2295,4977,68,11
3288.5121988327837,1589,2635,12,2623,4911,2288,4977,66,11
3295.6869140011227,1588,2645,13,2632,4912,2280,4976,64,11
3302.6621655197646,1588,2641,12,2629,4912,2283,4977,65,11
3309.6436769268566,1587,2629,12,2617,4913,2296,4978,65,10
3316.595491171393,1586,2622,13,2609,4914,2305,4980,66,7
3323.702283442355,1585,2634,15,2619,4915,2296,4977,62,8
3330.6896315583986,1585,2626,15,2611,4915,2304,4979,64,6
3337.8212744544358,1584,2613,14,2599,4916,2317,4979,63,7
3344.847350615079,1583,2602,14,2588,4917,2329,4979,62,7
3351.916152395896,1583,2604,13,2591,4917,2326,4981,64,6
3358.9195230346154,1582,2640,12,2628,4918,2290,4982,64,6
3366.026513751437,1581,2637,13,2624,4919,2295,4979,60,8
3372.906989586517,1581,2624,13,2611,4919,2308,4980,61,7
3380.048881182983,1581,2618,13,2605,4919,2314,4980,61,7
3387.0388329537127,1581,2623,13,2610,4919,2309,4977,58,10
3394.0766672464315,1581,2613,13,2600,4919,2319,4974,55,13
3401.239952299738,1580,2602,13,2589,4920,2331,4974,54,13
3408.1875027981923,1580,2614,13,2601,4920,2319,4976,56,11
3415.3775681471643,1578,2608,14,2594,4922,2328,4979,57,7
3422.385889523265,1578,2595,13,2582,4922,2340,4978,56,9
3429.383789211694,1578,2599,13,2586,4922,2336,4978,56,9
3436.424168669039,1576,2600,13,2587,4924,2337,4977,53,10
3443.534485617364,1576,2621,12,2609,4924,2315,4980,56,8
3450.5367684990892,1576,2631,11,2620,4924,2304,4978,54,11
3457.554293794011,1576,2639,11,2628,4924,2296,4978,54,11
3464.683341169398,1576,2649,12,2637,4924,2287,4981,57,7
3471.658660194746,1576,2654,12,2642,4924,2282,4980,56,8
3478.8002158336017,1575,2650,12,2638,4925,2287,4984,59,4
3485.7932999620366,1571,2653,12,2641,4929,2288,4984,55,4
3492.848398865759,1569,2660,12,2648,4931,2283,4983,52,5
3499.8165859210962,1568,2671,12,2659,4932,2273,4981,49,7
3506.841204026908,1568,2669,12,2657,4932,2275,4984,52,4
3513.896899257991,1568,2666,12,2654,4932,2278,4984,52,4
3520.9424090939806,1568,2644,12,2632,4932,2300,4985,53,3
3528.0314350828626,1568,2646,12,2634,4932,2298,4985,53,3
3535.062045570454,1568,2649,12,2637,4932,2295,4985,53,3
3542.0246293551963,1568,2659,11,2648,4932,2284,4986,54,3
3549.113183470981,1567,2642,11,2631,4933,2302,4983,50,6
3556.1458009634002,1566,2634,11,2623,4934,2311,4982,48,7
3563.216247047657,1566,2631,12,2619,4934,2315,4983,49,5
3570.2817047328285,1566,2641,10,2631,4934,2303,4983,49,7
3577.2769770818236,1566,2645,8,2637,4934,2297,4982,48,10
3584.2535342766387,1566,2634,9,2625,4934,2309,4987,53,4
3591.323746207099,1566,2629,9,2620,4934,2314,4987,53,4
3598.310647970522,1566,2618,10,2608,4934,2326,4987,53,3
3605.2776746807103,1566,2604,10,2594,4934,2340,4987,53,3
3612.3499188204787,1565,2611,10,2601,4935,2334,4988,53,2
3619.396362246175,1565,2644,10,2634,4935,2301,4988,53,2
3626.414981606014,1565,2641,10,2631,4935,2304,4987,52,3
3633.350945947438,1564,2641,11,2630,4936,2306,4987,51,2
3640.529742372806,1564,2657,12,2645,4936,2291,4983,47,5
3647.569594608772,1563,2657,12,2645,4937,2292,4984,47,4
3654.451587168234,1563,2650,12,2638,4937,2299,4982,45,6
3661.72432579802,1562,2661,12,2649,4938,2289,4981,43,7
3668.880979678481,1562,2659,12,2647,4938,2291,4982,44,6
3675.932690166095,1562,2648,13,2635,4938,2303,4984,46,3
3682.9643370413714,1562,2645,13,2632,4938,2306,4982,44,5
3690.034097799217,1562,2642,13,2629,4938,2309,4982,44,5
3697.0364807405,1561,2639,13,2626,4939,2313,4983,44,4
3704.108402844199,1561,2633,13,2620,4939,2319,4983,44,4
3710.9451568154336,1561,2660,13,2647,4939,2292,4982,43,5
3718.1867453127575,1561,2682,13,2669,4939,2270,4981,42,6
3725.0922032286003,1560,2689,14,2675,4940,2265,4980,40,6
3732.192405279179,1559,2685,14,2671,4941,2270,4981,40,5
3739.3243118144524,1559,2715,14,2701,4941,2240,4981,40,5
3746.3221034957787,1558,2732,14,2718,4942,2224,4981,39,5
3753.366594816916,1555,2731,14,2717,4945,2228,4980,35,6
3760.4619839771367,1555,2731,14,2717,4945,2228,4981,36,5
3767.5135984297044,1553,2731,14,2717,4947,2230,4984,37,2
3774.508858204011,1553,2735,14,2721,4947,2226,4984,37,2
3781.6018257319065,1553,2731,14,2717,4947,2230,4984,37,2
3788.6353874435667,1551,2727,14,2713,4949,2236,4982,33,4
3795.503629495021,1551,2696,13,2683,4949,2266,4981,32,6
3802.5942223451534,1551,2686,13,2673,4949,2276,4981,32,6
3809.5787772898484,1551,2669,13,2656,4949,2293,4982,33,5
3816.674700485584,1551,2655,13,2642,4949,2307,4984,35,3
3823.716470911933,1551,2664,13,2651,4949,2298,4984,35,3
3830.850288832905,1551,2666,13,2653,4949,2296,4983,34,4
3837.559046355906,1551,2677,12,2665,4949,2284,4983,34,5
3844.8765211790364,1551,2669,12,2657,4949,2292,4982,33,6
3851.8859309157733,1550,2675,12,2663,4950,2287,4983,33,5
3858.9372160877824,1550,2662,12,2650,4950,2300,4984,34,4
3866.1455415968894,1550,2650,11,2639,4950,2311,4982,32,7
3873.1410803821545,1550,2650,11,2639,4950,2311,4983,33,6
3880.182347679727,1550,2642,11,2631,4950,2319,4985,35,4
3887.2573187144867,1550,2622,12,2610,4950,2340,4985,35,3
3894.247678574624,1550,2617,12,2605,4950,2345,4987,37,1
3901.290357789861,1550,2613,12,2601,4950,2349,4984,34,4
3908.277612454473,1550,2606,12,2594,4950,2356,4984,34,4
3915.2901337653543,1550,2620,12,2608,4950,2342,4986,36,2
3922.3254674221694,1550,2637,12,2625,4950,2325,4985,35,3
3929.415204294346,1549,2633,11,2622,4951,2329,4986,35,3
3936.4011245159845,1549,2637,10,2627,4951,2324,4988,37,2
3943.4417900666353,1549,2640,10,2630,4951,2321,4988,37,2
3950.477261204114,1549,2631,9,2622,4951,2329,4987,36,4
3957.629404941059,1549,2641,9,2632,4951,2319,4986,35,5
3964.539186912983,1549,2644,9,2635,4951,2316,4987,36,4
3971.653221916589,1549,2642,9,2633,4951,2318,4987,36,4
3978.753136127403,1549,2643,8,2635,4951,2316,4986,35,6
3985.827591081925,1549,2644,8,2636,4951,2315,4985,34,7
3992.978267997889,1549,2649,8,2641,4951,2310,4986,35,6
3999.9672394127765,1549,2650,6,2644,4951,2307,4988,37,6
4007.01374161091,1549,2635,6,2629,4951,2322,4991,40,3
4014.0484855817344,1548,2644,6,2638,4952,2314,4991,39,3
4021.024595384576,1548,2646,6,2640,4952,2312,4992,40,2
4028.1576927373208,1547,2646,6,2640,4953,2313,4993,40,1
4035.2458913011023,1547,2650,6,2644,4953,2309,4992,39,2
4042.2815477227714,1547,2652,6,2646,4953,2307,4990,37,4
4049.382367151186,1543,2645,6,2639,4957,2318,4989,32,5
4056.5288786924725,1543,2627,6,2621,4957,2336,4991,34,3
4063.619012381484,1541,2638,6,2632,4959,2327,4991,32,3
4071.058673188797,1541,2630,6,2624,4959,2335,4990,31,4
4078.0565387499464,1540,2644,7,2637,4960,2323,4990,30,3
4085.086309131361,1539,2646,7,2639,4961,2322,4991,30,2
4092.154132184334,1539,2654,7,2647,4961,2314,4991,30,2
4099.218774858952,1539,2650,7,2643,4961,2318,4990,29,3
4106.245063664373,1539,2648,7,2641,4961,2320,4989,28,4
4113.254575468038,1539,2651,6,2645,4961,2316,4990,29,4
4120.449998912388,1539,2645,6,2639,4961,2322,4991,30,3
4127.600985740562,1539,2646,6,2640,4961,2321,4992,31,2
4134.660801484523,1538,2637,5,2632,4962,2330,4991,29,4
4141.792719269525,1537,2658,6,2652,4963,2311,4992,29,2
4148.735574157601,1537,2657,6,2651,4963,2312,4991,28,3
4155.7886745632995,1537,2653,6,2647,4963,2316,4991,28,3
4162.924455276942,1537,2626,6,2620,4963,2343,4990,27,4
4169.912010800087,1537,2606,6,2600,4963,2363,4989,26,5
4176.966753694173,1537,2598,6,2592,4963,2371,4988,25,6
4183.973414446437,1537,2602,6,2596,4963,2367,4987,24,7
4190.860044992126,1537,2605,6,2599,4963,2364,4988,25,6
4197.979076500335,1537,2619,6,2613,4963,2350,4988,25,6
4205.031670439913,1536,2629,6,2623,4964,2341,4990,26,4
4212.106509936209,1536,2646,6,2640,4964,2324,4990,26,4
4219.169646813123,1536,2667,5,2662,4964,2302,4993,29,2
4226.026634572085,1536,2643,5,2638,4964,2326,4993,29,2
4233.3240892165595,1536,2616,5,2611,4964,2353,4992,28,3
4240.325417223744,1536,2603,5,2598,4964,2366,4993,29,2
4247.27299053028,1536,2613,5,2608,4964,2356,4992,28,3
4254.368610357348,1535,2621,5,2616,4965,2349,4992,27,3
4261.523770358317,1535,2639,5,2634,4965,2331,4991,26,4
4268.520405088365,1535,2630,6,2624,4965,2341,4992,27,2
4275.680052483197,1535,2628,6,2622,4965,2343,4993,28,1
4282.638295043667,1535,2625,6,2619,4965,2346,4994,29,0
4289.789005461787,1535,2633,6,2627,4965,2338,4993,28,1
4296.876243905378,1535,2665,6,2659,4965,2306,4993,28,1
4303.860852754262,1535,2682,6,2676,4965,2289,4992,27,2
4310.930263505889,1535,2666,6,2660,4965,2305,4991,26,3
4317.973357180238,1535,2654,6,2648,4965,2317,4992,27,2
4325.047586015051,1535,2658,6,2652,4965,2313,4993,28,1
4331.906719119997,1534,2664,6,2658,4966,2308,4993,27,1
4338.73372150804,1534,2658,6,2652,4966,2314,4993,27,1
4346.153521390653,1534,2639,6,2633,4966,2333,4992,26,2
4353.257572668184,1533,2639,6,2633,4967,2334,4992,25,2
4360.405828832795,1533,2634,5,2629,4967,2338,4991,24,4
4367.335881002408,1533,2650,5,2645,4967,2322,4992,25,3
4374.487584020084,1533,2652,5,2647,4967,2320,4993,26,2
4381.540464132399,1533,2660,5,2655,4967,2312,4991,24,4
4388.466660122553,1533,2655,5,2650,4967,2317,4992,25,3
4395.777265116008,1531,2665,5,2660,4969,2309,4991,22,4
4402.804556587709,1530,2672,5,2667,4970,2303,4991,21,4
4410.0350374310165,1529,2672,4,2668,4971,2303,4991,20,5
4417.102629360659,1529,2658,4,2654,4971,2317,4991,20,5
4424.183037747908,1529,2652,4,2648,4971,2323,4991,20,5
4431.21126864468,1529,2656,3,2653,4971,2318,4990,19,7
4438.209494500131,1529,2658,2,2656,4971,2315,4993,22,5
4445.353563013747,1529,2644,2,2642,4971,2329,4992,21,6
4452.382748021809,1528,2654,2,2652,4972,2320,4992,20,6
4459.433931613683,1527,2661,2,2659,4973,2314,4993,20,5
4466.470963987481,1526,2651,2,2649,4974,2325,4994,20,4
4473.486677905671,1526,2639,2,2637,4974,2337,4996,22,2
4480.85471844808,1526,2620,2,2618,4974,2356,4995,21,3
4487.89048454147,1526,2637,2,2635,4974,2339,4995,21,3
4494.883034942771,1526,2620,2,2618,4974,2356,4996,22,2
4501.9460183363335,1526,2629,2,2627,4974,2347,4996,22,2
4508.836169433955,1526,2660,2,2658,4974,2316,4996,22,2
4516.046884196753,1526,2670,2,2668,4974,2306,4997,23,1
4523.058508497864,1526,2686,2,2684,4974,2290,4997,23,1
4530.16982066998,1526,2691,2,2689,4974,2285,4997,23,1
4537.006394272749,1526,2688,2,2686,4974,2288,4997,23,1
4544.2820929264235,1526,2663,2,2661,4974,2313,4997,23,1
4551.484908698855,1526,2657,2,2655,4974,2319,4997,23,1
4558.52104252374,1526,2660,2,2658,4974,2316,4997,23,1
4565.631177701739,1526,2672,2,2670,4974,2304,4997,23,1
4572.680700831001,1526,2668,2,2666,4974,2308,4997,23,1
4579.811823499389,1526,2673,2,2671,4974,2303,4996,22,2
4586.89778458722,1525,2679,1,2678,4975,2297,4996,21,3
4593.754262441223,1525,2680,1,2679,4975,2296,4996,21,3
4600.960156027464,1525,2664,1,2663,4975,2312,4997,22,2
4608.081774997182,1524,2653,1,2652,4976,2324,4998,22,1
4615.125841436768,1524,2661,1,2660,4976,2316,4996,20,3
4622.10605484186,1524,2656,1,2655,4976,2321,4996,20,3
4629.15304575501,1524,2650,0,2650,4976,2326,4997,21,3
4636.092379196976,1524,2649,0,2649,4976,2327,4997,21,3
4643.122822896604,1524,2663,0,2663,4976,2313,4996,20,4
4650.166832544927,1524,2678,0,2678,4976,2298,4998,22,2
4657.219077924356,1524,2681,0,2681,4976,2295,4997,21,3
4664.204647201302,1524,2677,0,2677,4976,2299,4996,20,4
4671.236837609175,1524,2676,0,2676,4976,2300,4997,21,3
4678.212944608753,1524,2683,0,2683,4976,2293,4998,22,2
4685.562617643932,1524,2682,0,2682,4976,2294,4999,23,1
4692.551202801174,1524,2676,0,2676,4976,2300,5000,24,0
4699.59470235482,1524,2668,0,2668,4976,2308,4998,22,2
4706.508275564858,1524,2666,0,2666,4976,2310,4997,21,3
4713.606257674121,1524,2664,0,2664,4976,2312,4998,22,2
4720.7345642990795,1524,2657,0,2657,4976,2319,4997,21,3
4727.7014059978,1524,2650,0,2650,4976,2326,4997,21,3
4734.8257930211175,1524,2657,0,2657,4976,2319,4996,20,4
4741.739586925304,1524,2658,0,2658,4976,2318,4998,22,2
4748.867131434013,1524,2648,0,2648,4976,2328,4999,23,1
4755.80309208872,1524,2642,0,2642,4976,2334,4999,23,1
4762.833273160101,1524,2628,0,2628,4976,2348,4997,21,3
4769.955662611938,1524,2630,0,2630,4976,2346,4995,19,5
4776.901057467632,1522,2634,0,2634,4978,2344,4994,16,6
4783.99466489735,1522,2640,0,2640,4978,2338,4994,16,6
4791.132736616822,1522,2657,0,2657,4978,2321,4996,18,4
4798.176178804169,1522,2671,0,2671,4978,2307,4997,19,3
4805.267188184165,1522,2675,0,2675,4978,2303,4997,19,3
4812.186216961646,1521,2683,0,2683,4979,2296,4998,19,2
4819.326326219486,1521,2692,0,2692,4979,2287,4998,19,2
4826.225091914001,1519,2686,0,2686,4981,2295,4999,18,1
4833.31033543105,1518,2687,0,2687,4982,2295,4999,17,1
4840.327872293902,1518,2705,0,2705,4982,2277,4999,17,1
4847.316238652838,1517,2716,0,2716,4983,2267,4999,16,1
4854.409069733486,1517,2743,0,2743,4983,2240,4998,15,2
4861.383062780056,1516,2729,0,2729,4984,2255,4999,15,1
4868.625501481441,1516,2760,0,2760,4984,2224,4998,14,2
4875.706374495692,1516,2739,0,2739,4984,2245,4999,15,1
4882.721352821027,1515,2751,0,2751,4985,2234,4998,13,2
4889.751331726124,1515,2758,0,2758,4985,2227,4999,14,1
4896.770175368533,1515,2752,0,2752,4985,2233,4999,14,1
4903.828212031381,1515,2761,0,2761,4985,2224,4997,12,3
4910.814458168715,1515,2761,0,2761,4985,2224,4998,13,2
4917.851453561044,1515,2747,0,2747,4985,2238,4998,13,2
4924.85294343684,1515,2740,0,2740,4985,2245,5000,15,0
4931.892911059873,1515,2755,0,2755,4985,2230,5000,15,0
4938.982802240518,1515,2744,0,2744,4985,2241,5000,15,0
4946.142266268923,1515,2740,0,2740,4985,2245,4999,14,1
4953.21765970054,1515,2742,0,2742,4985,2243,4999,14,1
4960.166994735888,1515,2751,0,2751,4985,2234,4999,14,1
4967.185234646066,1515,2744,0,2744,4985,2241,5000,15,0
4974.308343164315,1515,2742,0,2742,4985,2243,4999,14,1
4981.272593002272,1514,2739,0,2739,4986,2247,4999,13,1
4988.291867844189,1514,2735,0,2735,4986,2251,5000,14,0
4995.252156933823,1514,2737,0,2737,4986,2249,4999,13,1
5002.290140599557,1514,2720,0,2720,4986,2266,4998,12,2
5009.318121906541,1514,2719,0,2719,4986,2267,4998,12,2
5016.31943895516,1514,2723,0,2723,4986,2263,4999,13,1
5023.380615651745,1514,2708,0,2708,4986,2278,4999,13,1
5030.356540801698,1513,2708,0,2708,4987,2279,4999,12,1
5037.4006293070615,1513,2696,0,2696,4987,2291,4999,12,1
5044.352135597706,1513,2669,0,2669,4987,2318,4999,12,1
5051.4682171231725,1513,2664,0,2664,4987,2323,4999,12,1
5058.517374059014,1513,2654,0,2654,4987,2333,4999,12,1
5065.531146700558,1513,2652,0,2652,4987,2335,4999,12,1
5072.538439136818,1513,2653,0,2653,4987,2334,5000,13,0
5079.560793984844,1513,2651,0,2651,4987,2336,5000,13,0
5086.605987846267,1513,2636,0,2636,4987,2351,5000,13,0
5093.62726458813,1512,2629,0,2629,4988,2359,5000,12,0
5100.702075252062,1512,2615,0,2615,4988,2373,5000,12,0
5107.543483543636,1512,2621,0,2621,4988,2367,5000,12,0
5114.871976082974,1512,2630,0,2630,4988,2358,5000,12,0
5121.881308785079,1512,2636,0,2636,4988,2352,5000,12,0
5129.133951400925,1512,2628,0,2628,4988,2360,5000,12,0
5136.187898655477,1512,2633,0,2633,4988,2355,5000,12,0
5143.122499548406,1512,2649,0,2649,4988,2339,5000,12,0
5150.1883529862225,1511,2649,0,2649,4989,2340,5000,11,0
5157.224969368889,1511,2674,0,2674,4989,2315,5000,11,0
5164.15754693753,1510,2666,0,2666,4990,2324,5000,10,0
5171.334030058594,1510,2684,0,2684,4990,2306,5000,10,0
5178.375991246459,1510,2690,0,2690,4990,2300,5000,10,0
5185.370358181042,1510,2692,0,2692,4990,2298,5000,10,0
5192.41506578278,1510,2700,0,2700,4990,2290,4999,9,1
5199.3212462117635,1510,2721,0,2721,4990,2269,4998,8,2
5206.506250972756,1509,2716,0,2716,4991,2275,4999,8,1
5213.566182492216,1509,2719,0,2719,4991,2272,4999,8,1
5220.456136764886,1509,2707,0,2707,4991,2284,4999,8,1
5227.834528735898,1509,2696,0,2696,4991,2295,4999,8,1
5234.918591542465,1509,2696,0,2696,4991,2295,4998,7,2
5241.793880812485,1509,2697,0,2697,4991,2294,4998,7,2
5248.888269262285,1509,2694,0,2694,4991,2297,4998,7,2
5255.86298411824,1509,2683,0,2683,4991,2308,5000,9,0
5263.068485962788,1509,2684,0,2684,4991,2307,5000,9,0
5270.078399001714,1509,2676,0,2676,4991,2315,4999,8,1
5277.122234881061,1508,2664,0,2664,4992,2328,4999,7,1
5284.17214151348,1508,2677,0,2677,4992,2315,4999,7,1
5291.103805972565,1507,2686,0,2686,4993,2307,4999,6,1
5298.184564531529,1507,2698,0,2698,4993,2295,4999,6,1
5305.436349475524,1507,2680,0,2680,4993,2313,4999,6,1
5312.489523097878,1507,2679,0,2679,4993,2314,4999,6,1
5319.402755586377,1507,2682,0,2682,4993,2311,4999,6,1
5326.537511275921,1507,2691,1,2690,4993,2303,4999,6,0
5333.570805723946,1507,2681,1,2680,4993,2313,4999,6,0
5340.666773200969,1507,2680,1,2679,4993,2314,4999,6,0
5347.684012333369,1507,2684,1,2683,4993,2310,4999,6,0
5354.630465127296,1507,2684,1,2683,4993,2310,4999,6,0
5361.732566624408,1507,2661,1,2660,4993,2333,4998,5,1
5368.758838199495,1507,2675,1,2674,4993,2319,4998,5,1
5375.767241794706,1507,2677,1,2676,4993,2317,4998,5,1
5382.777890789756,1507,2688,1,2687,4993,2306,4998,5,1
5389.799074407641,1507,2678,1,2677,4993,2316,4998,5,1
5396.8016916277775,1507,2681,1,2680,4993,2313,4999,6,0
5403.884205497758,1507,2665,1,2664,4993,2329,4999,6,0
5410.803297439407,1507,2654,1,2653,4993,2340,4999,6,0
5417.994475333679,1507,2668,1,2667,4993,2326,4999,6,0
5425.214689542649,1507,2656,1,2655,4993,2338,4999,6,0
5432.3173247951945,1507,2657,1,2656,4993,2337,4999,6,0
5439.458337472181,1507,2653,1,2652,4993,2341,4999,6,0
5446.479652468741,1507,2655,1,2654,4993,2339,4999,6,0
5453.549493571575,1507,2657,1,2656,4993,2337,4998,5,1
5460.645361253068,1507,2654,2,2652,4993,2341,4998,5,0
5467.764556876007,1507,2643,2,2641,4993,2352,4998,5,0
5474.686033737141,1507,2647,2,2645,4993,2348,4998,5,0
5481.510991632259,1506,2630,2,2628,4994,2366,4998,4,0
5488.898848679165,1506,2634,2,2632,4994,2362,4998,4,0
5496.000933939785,1506,2641,2,2639,4994,2355,4997,3,1
5502.86300212867,1506,2656,2,2654,4994,2340,4998,4,0
5510.068124482559,1506,2658,2,2656,4994,2338,4998,4,0
5517.089494251661,1506,2670,2,2668,4994,2326,4998,4,0
5524.0135544122295,1506,2660,2,2658,4994,2336,4997,3,1
5531.147108399071,1506,2664,2,2662,4994,2332,4998,4,0
5538.091028939106,1506,2657,2,2655,4994,2339,4998,4,0
5545.173352931302,1506,2669,2,2667,4994,2327,4997,3,1
5552.196230110215,1506,2660,2,2658,4994,2336,4997,3,1
5559.21036702038,1506,2669,2,2667,4994,2327,4997,3,1
5566.406326685018,1506,2667,2,2665,4994,2329,4997,3,1
5573.475192002158,1506,2672,2,2670,4994,2324,4998,4,0
5580.442136518905,1506,2686,2,2684,4994,2310,4998,4,0
5587.482905175242,1506,2679,2,2677,4994,2317,4998,4,0
5594.628136604307,1506,2683,2,2681,4994,2313,4998,4,0
5601.6405299063645,1506,2695,2,2693,4994,2301,4998,4,0
5608.710058493036,1506,2669,2,2667,4994,2327,4998,4,0
5615.721865704239,1506,2672,2,2670,4994,2324,4998,4,0
5622.792090267487,1506,2667,2,2665,4994,2329,4998,4,0
5629.906428633152,1506,2658,2,2656,4994,2338,4998,4,0
5636.918955059213,1506,2673,2,2671,4994,2323,4998,4,0
5643.930836240486,1506,2679,2,2677,4994,2317,4998,4,0
5650.959820366031,1506,2686,2,2684,4994,2310,4998,4,0
5658.007314797374,1506,2691,2,2689,4994,2305,4998,4,0
5665.076383878773,1506,2700,2,2698,4994,2296,4998,4,0
5672.072328731373,1506,2716,2,2714,4994,2280,4997,3,1
5679.029893501235,1506,2712,2,2710,4994,2284,4997,3,1
5686.110546548292,1506,2717,2,2715,4994,2279,4997,3,1
5693.153338804364,1506,2709,1,2708,4994,2286,4997,3,2
5700.07064712121,1506,2705,0,2705,4994,2289,4997,3,3
5707.265969096945,1506,2692,0,2692,4994,2302,4998,4,2
5714.317550547811,1506,2694,0,2694,4994,2300,4998,4,2
5721.37989706617,1505,2677,0,2677,4995,2318,4997,2,3
5728.387094788015,1505,2672,0,2672,4995,2323,4997,2,3
5735.3955277741725,1505,2674,0,2674,4995,2321,4998,3,2
5742.456258780526,1505,2688,0,2688,4995,2307,4998,3,2
5749.49410109447,1505,2690,0,2690,4995,2305,4998,3,2
5756.433529152499,1505,2687,0,2687,4995,2308,4999,4,1
5763.638030772661,1505,2681,0,2681,4995,2314,5000,5,0
5770.7385929090005,1505,2673,0,2673,4995,2322,5000,5,0
5777.833387544013,1505,2672,0,2672,4995,2323,5000,5,0
5784.854750617383,1505,2675,0,2675,4995,2320,4999,4,1
5791.905242164783,1505,2655,0,2655,4995,2340,4999,4,1
5798.925953522825,1505,2666,0,2666,4995,2329,4999,4,1
5806.075964201464,1505,2676,0,2676,4995,2319,4999,4,1
5813.105223199214,1505,2680,0,2680,4995,2315,4999,4,1
5820.101874510288,1505,2685,0,2685,4995,2310,5000,5,0
5827.129839740704,1505,2686,0,2686,4995,2309,4998,3,2
5834.147298293318,1505,2684,0,2684,4995,2311,4999,4,1
5841.215864991881,1505,2664,0,2664,4995,2331,4999,4,1
5848.221433463191,1505,2675,0,2675,4995,2320,4999,4,1
5855.209489229858,1505,2680,0,2680,4995,2315,4999,4,1
5862.243320090902,1505,2679,0,2679,4995,2316,4999,4,1
5869.263658156805,1505,2694,0,2694,4995,2301,4999,4,1
5876.374546959233,1505,2696,0,2696,4995,2299,5000,5,0
5883.427444516726,1505,2686,0,2686,4995,2309,5000,5,0
5890.4270735993405,1505,2675,0,2675,4995,2320,4999,4,1
5897.416657589314,1505,2676,0,2676,4995,2319,5000,5,0
5904.506124761488,1505,2665,0,2665,4995,2330,5000,5,0
5911.586873940201,1505,2668,0,2668,4995,2327,5000,5,0
5918.624261357017,1504,2695,0,2695,4996,2301,5000,4,0
5925.681801638329,1504,2697,0,2697,4996,2299,5000,4,0
5932.701244606641,1504,2687,0,2687,4996,2309,5000,4,0
5939.818651216509,1504,2690,0,2690,4996,2306,5000,4,0
5946.865740258295,1504,2697,0,2697,4996,2299,5000,4,0
5953.848409095176,1504,2682,0,2682,4996,2314,5000,4,0
5960.904286855384,1504,2671,0,2671,4996,2325,5000,4,0
5967.956848894546,1504,2685,0,2685,4996,2311,5000,4,0
5975.07455450222,1504,2687,0,2687,4996,2309,5000,4,0
5982.113479477952,1504,2689,0,2689,4996,2307,5000,4,0
5989.172451936639,1504,2704,0,2704,4996,2292,5000,4,0
5996.213562621824,1504,2691,0,2691,4996,2305,5000,4,0
6003.3622674442195,1504,2698,0,2698,4996,2298,5000,4,0
6010.272009746447,1504,2699,0,2699,4996,2297,5000,4,0
6017.409331541171,1504,2718,0,2718,4996,2278,5000,4,0
6024.400909295334,1504,2729,0,2729,4996,2267,5000,4,0
6031.281775595025,1504,2726,0,2726,4996,2270,5000,4,0
6038.6102478892835,1504,2709,0,2709,4996,2287,5000,4,0
6045.717836634161,1504,2711,0,2711,4996,2285,5000,4,0
6052.739729014775,1504,2720,0,2720,4996,2276,5000,4,0
6059.727791532132,1504,2714,0,2714,4996,2282,5000,4,0
6066.810269184391,1504,2711,0,2711,4996,2285,5000,4,0
6073.823068798458,1504,2706,0,2706,4996,2290,4999,3,1
6080.757611588478,1504,2697,0,2697,4996,2299,4999,3,1
6088.07671583331,1504,2710,0,2710,4996,2286,5000,4,0
6095.163486534157,1504,2713,0,2713,4996,2283,5000,4,0
6102.040882183226,1504,2701,0,2701,4996,2295,5000,4,0
6109.080519027422,1504,2680,0,2680,4996,2316,5000,4,0
6116.1760271104895,1504,2686,0,2686,4996,2310,5000,4,0
6123.2850661152615,1504,2689,0,2689,4996,2307,5000,4,0
6130.214235013,1504,2687,0,2687,4996,2309,5000,4,0
6137.386757465709,1503,2681,0,2681,4997,2316,5000,3,0
6144.34570470142,1503,2665,0,2665,4997,2332,5000,3,0
6151.450704860358,1503,2652,0,2652,4997,2345,5000,3,0
6158.422104756671,1503,2660,0,2660,4997,2337,5000,3,0
6165.519533067035,1503,2676,0,2676,4997,2321,5000,3,0
6172.196616280918,1503,2688,0,2688,4997,2309,5000,3,0
6179.472945211925,1503,2690,0,2690,4997,2307,5000,3,0
6186.53594856312,1503,2693,0,2693,4997,2304,5000,3,0
6193.515542305913,1503,2692,0,2692,4997,2305,5000,3,0
6200.646697343608,1503,2695,0,2695,4997,2302,5000,3,0
6207.619536776174,1503,2688,0,2688,4997,2309,5000,3,0
6214.5981424638285,1503,2661,0,2661,4997,2336,5000,3,0
6221.687984211472,1503,2658,0,2658,4997,2339,5000,3,0
6228.755653329081,1503,2658,0,2658,4997,2339,5000,3,0
6235.757379265915,1503,2669,0,2669,4997,2328,5000,3,0
6242.898585302145,1503,2678,0,2678,4997,2319,4999,2,1
6249.813564250683,1503,2687,0,2687,4997,2310,4999,2,1
6256.927979127962,1503,2680,1,2679,4997,2318,4999,2,0
6263.872675798509,1503,2687,1,2686,4997,2311,4999,2,0
6271.004260011382,1503,2684,1,2683,4997,2314,4999,2,0
6277.828243910078,1503,2666,1,2665,4997,2332,4999,2,0
6285.123137657008,1502,2670,1,2669,4998,2329,4999,1,0
6292.074929212816,1502,2648,1,2647,4998,2351,4999,1,0
6298.987122278564,1502,2651,1,2650,4998,2348,4999,1,0
6306.248302857977,1502,2646,1,2645,4998,2353,4999,1,0
6313.309254696644,1502,2633,1,2632,4998,2366,4999,1,0
6320.31962684042,1502,2617,1,2616,4998,2382,4998,0,1
6327.324975659449,1502,2612,1,2611,4998,2387,4999,1,0
6334.4366838035085,1502,2610,1,2609,4998,2389,4999,1,0
6341.305941706714,1502,2613,1,2612,4998,2386,4999,1,0
6348.616155107824,1502,2609,1,2608,4998,2390,4999,1,0
6355.709117793349,1502,2623,1,2622,4998,2376,4999,1,0
6362.813741411662,1502,2617,1,2616,4998,2382,4999,1,0
6369.817820840765,1502,2629,0,2629,4998,2369,4999,1,1
6376.845891853534,1502,2630,0,2630,4998,2368,4999,1,1
6383.909647037815,1502,2640,0,2640,4998,2358,5000,2,0
6390.824990836594,1502,2613,0,2613,4998,2385,5000,2,0
6397.937665007228,1502,2623,0,2623,4998,2375,5000,2,0
6405.012311620016,1502,2627,0,2627,4998,2371,5000,2,0
6412.000277837211,1502,2647,0,2647,4998,2351,5000,2,0
6419.027317147333,1502,2652,0,2652,4998,2346,5000,2,0
6426.1678791122,1502,2644,0,2644,4998,2354,5000,2,0
6433.2184398949985,1502,2651,0,2651,4998,2347,5000,2,0
6440.31758129386,1502,2645,0,2645,4998,2353,5000,2,0
6447.133721211549,1502,2665,0,2665,4998,2333,5000,2,0
6454.5376472054795,1502,2676,0,2676,4998,2322,5000,2,0
6461.661895453462,1502,2669,0,2669,4998,2329,5000,2,0
6468.760656494586,1502,2659,0,2659,4998,2339,5000,2,0
6475.7402684397675,1502,2651,0,2651,4998,2347,5000,2,0
6482.667928585425,1502,2638,0,2638,4998,2360,5000,2,0
6489.880247819949,1502,2608,0,2608,4998,2390,4999,1,1
6497.137515643176,1502,2618,0,2618,4998,2380,4999,1,1
6504.1802386666495,1502,2606,0,2606,4998,2392,5000,2,0
6511.302453129993,1502,2604,0,2604,4998,2394,5000,2,0
6518.395896789943,1501,2618,0,2618,4999,2381,5000,1,0
6525.487812160373,1501,2632,0,2632,4999,2367,5000,1,0
6532.269568463235,1501,2621,0,2621,4999,2378,5000,1,0
6539.575390423714,1501,2632,0,2632,4999,2367,5000,1,0
6546.652567924745,1501,2651,0,2651,4999,2348,5000,1,0
6553.60227329743,1501,2628,0,2628,4999,2371,5000,1,0
6560.676791914337,1501,2645,0,2645,4999,2354,5000,1,0
6567.665686312549,1501,2637,0,2637,4999,2362,5000,1,0
6574.769426805616,1501,2639,0,2639,4999,2360,5000,1,0
6581.954462501887,1501,2657,0,2657,4999,2342,5000,1,0
6588.941958328137,1501,2665,0,2665,4999,2334,5000,1,0
6596.007641285838,1501,2677,0,2677,4999,2322,5000,1,0
6603.021495705416,1501,2688,0,2688,4999,2311,5000,1,0
6610.033493350091,1501,2692,0,2692,4999,2307,5000,1,0
6617.015025590513,1501,2710,0,2710,4999,2289,5000,1,0
6624.0957355705605,1501,2709,0,2709,4999,2290,5000,1,0
6631.104692866229,1501,2700,0,2700,4999,2299,5000,1,0
6638.131245321213,1501,2679,0,2679,4999,2320,5000,1,0
6645.115034584286,1501,2677,0,2677,4999,2322,5000,1,0
6652.182313651396,1501,2673,0,2673,4999,2326,5000,1,0
6659.258586635142,1501,2668,0,2668,4999,2331,5000,1,0
6666.146489830035,1501,2652,0,2652,4999,2347,5000,1,0
6673.329628239489,1501,2649,0,2649,4999,2350,5000,1,0
6680.498274420486,1501,2639,0,2639,4999,2360,5000,1,0
6687.427227304819,1501,2648,0,2648,4999,2351,5000,1,0
6694.556295380273,1501,2662,0,2662,4999,2337,5000,1,0
6701.504880338469,1501,2661,0,2661,4999,2338,5000,1,0
6708.553449860872,1501,2651,0,2651,4999,2348,5000,1,0
6715.6737009440685,1501,2669,0,2669,4999,2330,5000,1,0
6722.70908308724,1501,2680,0,2680,4999,2319,5000,1,0
6729.88203774373,1501,2676,0,2676,4999,2323,5000,1,0
6736.892726355347,1501,2682,0,2682,4999,2317,5000,1,0
6744.134930004618,1501,2678,0,2678,4999,2321,5000,1,0
6751.152318882131,1501,2672,0,2672,4999,2327,5000,1,0
6758.203007179702,1501,2677,0,2677,4999,2322,5000,1,0
6765.383628935084,1501,2684,0,2684,4999,2315,5000,1,0
6772.433676399772,1501,2697,0,2697,4999,2302,5000,1,0
6779.441174541962,1501,2683,0,2683,4999,2316,5000,1,0
6786.381054131635,1501,2672,0,2672,4999,2327,5000,1,0
6793.50991542933,1501,2667,0,2667,4999,2332,5000,1,0
6800.727069108892,1501,2661,0,2661,4999,2338,5000,1,0
6807.733124571871,1501,2645,0,2645,4999,2354,5000,1,0
6814.71751428996,1501,2635,0,2635,4999,2364,5000,1,0
6821.755440445379,1501,2654,0,2654,4999,2345,5000,1,0
6828.665297626348,1501,2653,0,2653,4999,2346,5000,1,0
6835.804572296307,1501,2656,0,2656,4999,2343,5000,1,0
6842.865425258567,1501,2658,0,2658,4999,2341,5000,1,0
6849.845351824584,1501,2661,0,2661,4999,2338,5000,1,0
6856.887857701946,1501,2661,0,2661,4999,2338,5000,1,0
6864.038320545722,1501,2665,0,2665,4999,2334,5000,1,0
6870.971210971533,1501,2674,0,2674,4999,2325,5000,1,0
6878.0709612962655,1501,2658,0,2658,4999,2341,5000,1,0
6885.076987598386,1501,2649,0,2649,4999,2350,4999,0,1
6892.022286897077,1501,2623,0,2623,4999,2376,4999,0,1
6899.073857993794,1501,2611,0,2611,4999,2388,4999,0,1
6906.133899206133,1501,2600,0,2600,4999,2399,4999,0,1
6913.157357725593,1501,2600,0,2600,4999,2399,5000,1,0
6920.190370030601,1501,2615,0,2615,4999,2384,5000,1,0
6927.194476241617,1501,2616,0,2616,4999,2383,5000,1,0
6934.264837312612,1501,2622,0,2622,4999,2377,5000,1,0
6941.278517871874,1501,2633,0,2633,4999,2366,5000,1,0
6948.364267076372,1501,2636,0,2636,4999,2363,5000,1,0
6955.663657084333,1500,2618,0,2618,5000,2382,5000,0,0
6962.6165182216455,1500,2620,0,2620,5000,2380,5000,0,0
6969.744015586031,1500,2623,0,2623,5000,2377,5000,0,0
6976.796026525609,1500,2606,0,2606,5000,2394,5000,0,0
6983.792697745263,1500,2623,0,2623,5000,2377,5000,0,0
6990.839361325425,1500,2641,0,2641,5000,2359,5000,0,0
6997.896851014983,1500,2654,0,2654,5000,2346,5000,0,0
6999.840663698411,1500,2644,0,2644,5000,2356,5000,0,0
6999.999999998407,1500,2644,0,2644,5000,2356,5000,0,0